    ValParam = [ ...
% Final, Nfit = 516, 11-3 parameters, PZFC, cwt 0
      1.73848   0.00000   0.00000 % SumSqrErr=  10226.95
      0.62250  -1.02349   0.94190 % RMSErr   =   2.82994 (compare to 3.266 before)
      0.37208   0.00000   0.00000 % MeanErr  =   0.00000
          Inf   0.00000   0.00000 % RMSCost  =       NaN
      0.00000   0.00000   0.00000
      2.00000   0.00000   0.00000
      1.27403  -0.26291   0.21906
     11.30471   5.33017   0.33995
%    -3.63143  -1.59230   4.68184 % Kv
];